0.303,1.031,-2.681,0.208,0.782,-2.685,0.137,0.511,-2.711,-0.355,1.005,-2.712,-0.239,0.765,-2.698,-0.172,0.497,-2.704,-0.017,0.504,-2.708,
0.303,1.031,-2.681,0.208,0.782,-2.685,0.137,0.511,-2.711,-0.355,1.005,-2.712,-0.239,0.765,-2.698,-0.172,0.497,-2.704,-0.017,0.504,-2.708,
0.308,1.026,-2.683,0.206,0.781,-2.685,0.137,0.512,-2.710,-0.354,1.006,-2.712,-0.235,0.767,-2.697,-0.171,0.499,-2.706,-0.017,0.505,-2.708,
0.319,1.023,-2.680,0.210,0.780,-2.686,0.137,0.511,-2.710,-0.354,1.006,-2.714,-0.235,0.768,-2.696,-0.172,0.498,-2.707,-0.018,0.505,-2.708,
0.324,1.020,-2.675,0.212,0.778,-2.685,0.137,0.509,-2.709,-0.355,1.006,-2.713,-0.234,0.769,-2.694,-0.172,0.497,-2.708,-0.018,0.503,-2.709,
0.326,1.016,-2.674,0.214,0.775,-2.685,0.139,0.510,-2.709,-0.355,1.003,-2.713,-0.233,0.767,-2.696,-0.170,0.498,-2.708,-0.015,0.504,-2.709,
0.328,1.015,-2.674,0.215,0.774,-2.684,0.141,0.510,-2.710,-0.359,1.002,-2.713,-0.233,0.767,-2.698,-0.168,0.498,-2.708,-0.014,0.504,-2.709,
0.330,1.013,-2.681,0.216,0.773,-2.683,0.140,0.509,-2.709,-0.360,1.002,-2.711,-0.233,0.768,-2.697,-0.169,0.497,-2.709,-0.015,0.503,-2.709,
0.330,1.011,-2.683,0.215,0.770,-2.683,0.140,0.508,-2.709,-0.359,1.001,-2.713,-0.233,0.767,-2.696,-0.169,0.496,-2.711,-0.014,0.502,-2.710,
0.329,1.011,-2.687,0.215,0.770,-2.687,0.139,0.506,-2.709,-0.357,1.004,-2.717,-0.232,0.769,-2.700,-0.169,0.495,-2.711,-0.015,0.500,-2.710,
0.329,1.009,-2.687,0.215,0.769,-2.688,0.140,0.507,-2.708,-0.355,1.004,-2.717,-0.232,0.768,-2.699,-0.169,0.495,-2.711,-0.014,0.501,-2.709,
0.329,1.011,-2.684,0.216,0.770,-2.688,0.140,0.506,-2.708,-0.355,1.005,-2.715,-0.232,0.769,-2.699,-0.169,0.495,-2.711,-0.015,0.501,-2.709,
0.329,1.012,-2.685,0.218,0.770,-2.686,0.140,0.507,-2.708,-0.353,1.005,-2.719,-0.232,0.768,-2.702,-0.169,0.495,-2.711,-0.014,0.501,-2.709,
0.330,1.011,-2.683,0.219,0.769,-2.685,0.141,0.507,-2.708,-0.354,1.005,-2.713,-0.232,0.768,-2.699,-0.168,0.495,-2.710,-0.013,0.501,-2.709,
0.332,1.010,-2.686,0.218,0.770,-2.683,0.141,0.507,-2.708,-0.354,1.004,-2.712,-0.232,0.767,-2.698,-0.168,0.495,-2.711,-0.014,0.501,-2.710,
0.334,1.011,-2.688,0.220,0.771,-2.681,0.140,0.511,-2.712,-0.355,1.005,-2.709,-0.232,0.769,-2.701,-0.169,0.498,-2.715,-0.014,0.504,-2.714,
0.334,1.014,-2.687,0.223,0.772,-2.682,0.141,0.513,-2.714,-0.354,1.009,-2.710,-0.233,0.771,-2.700,-0.167,0.499,-2.719,-0.013,0.506,-2.716,
0.336,1.015,-2.685,0.225,0.773,-2.681,0.142,0.512,-2.711,-0.353,1.009,-2.707,-0.233,0.771,-2.698,-0.167,0.499,-2.715,-0.012,0.505,-2.713,
0.335,1.015,-2.688,0.225,0.773,-2.681,0.142,0.509,-2.710,-0.352,1.009,-2.706,-0.233,0.770,-2.695,-0.167,0.495,-2.713,-0.013,0.502,-2.711,
0.332,1.012,-2.684,0.222,0.769,-2.683,0.143,0.508,-2.710,-0.350,1.007,-2.704,-0.232,0.768,-2.696,-0.166,0.495,-2.711,-0.012,0.501,-2.711,
0.333,1.010,-2.685,0.221,0.768,-2.683,0.142,0.507,-2.710,-0.350,1.007,-2.705,-0.232,0.768,-2.697,-0.167,0.494,-2.711,-0.012,0.500,-2.710,
0.335,1.009,-2.687,0.223,0.768,-2.684,0.142,0.507,-2.709,-0.350,1.006,-2.704,-0.232,0.767,-2.697,-0.167,0.493,-2.710,-0.012,0.500,-2.709,
0.338,1.008,-2.687,0.224,0.768,-2.682,0.142,0.508,-2.709,-0.349,1.004,-2.702,-0.230,0.765,-2.696,-0.166,0.494,-2.710,-0.012,0.501,-2.709,
0.341,1.007,-2.691,0.225,0.768,-2.680,0.143,0.510,-2.709,-0.349,1.006,-2.703,-0.231,0.766,-2.696,-0.166,0.497,-2.709,-0.011,0.503,-2.709,
0.343,1.009,-2.695,0.225,0.771,-2.680,0.144,0.510,-2.710,-0.350,1.007,-2.704,-0.232,0.768,-2.694,-0.165,0.497,-2.709,-0.011,0.504,-2.709,
0.347,1.007,-2.698,0.226,0.770,-2.682,0.143,0.510,-2.710,-0.351,1.007,-2.706,-0.232,0.768,-2.696,-0.166,0.497,-2.710,-0.012,0.503,-2.710,
0.346,1.007,-2.699,0.226,0.770,-2.683,0.143,0.511,-2.709,-0.350,1.007,-2.707,-0.233,0.767,-2.698,-0.166,0.499,-2.710,-0.011,0.505,-2.710,
0.348,1.007,-2.695,0.226,0.771,-2.683,0.144,0.511,-2.710,-0.349,1.008,-2.706,-0.232,0.768,-2.696,-0.165,0.500,-2.710,-0.011,0.505,-2.710,
0.355,1.005,-2.690,0.228,0.771,-2.683,0.143,0.509,-2.709,-0.347,1.008,-2.707,-0.231,0.768,-2.696,-0.165,0.499,-2.709,-0.011,0.504,-2.709,
0.352,1.005,-2.692,0.227,0.770,-2.683,0.141,0.508,-2.709,-0.345,1.006,-2.709,-0.231,0.765,-2.697,-0.168,0.497,-2.709,-0.013,0.502,-2.709,
0.355,1.003,-2.694,0.227,0.770,-2.684,0.142,0.505,-2.705,-0.344,1.006,-2.710,-0.232,0.764,-2.699,-0.167,0.495,-2.705,-0.012,0.500,-2.705,
0.355,1.001,-2.697,0.227,0.768,-2.684,0.142,0.503,-2.708,-0.345,1.005,-2.712,-0.231,0.765,-2.699,-0.167,0.494,-2.707,-0.012,0.499,-2.707,
0.356,0.999,-2.692,0.227,0.766,-2.685,0.142,0.503,-2.708,-0.346,1.005,-2.709,-0.231,0.765,-2.697,-0.167,0.494,-2.707,-0.013,0.498,-2.708,
0.353,1.000,-2.690,0.227,0.766,-2.684,0.142,0.506,-2.709,-0.348,1.006,-2.709,-0.231,0.766,-2.698,-0.167,0.497,-2.709,-0.012,0.501,-2.709,
0.354,1.000,-2.688,0.227,0.766,-2.685,0.143,0.507,-2.709,-0.350,1.008,-2.709,-0.232,0.769,-2.700,-0.166,0.498,-2.709,-0.012,0.502,-2.709,
0.354,1.000,-2.688,0.227,0.766,-2.685,0.143,0.507,-2.709,-0.350,1.008,-2.709,-0.233,0.770,-2.700,-0.166,0.500,-2.710,-0.012,0.504,-2.709,
0.353,1.003,-2.693,0.229,0.767,-2.684,0.142,0.507,-2.705,-0.352,1.010,-2.705,-0.233,0.772,-2.699,-0.167,0.498,-2.705,-0.013,0.502,-2.705,
0.351,1.002,-2.692,0.227,0.766,-2.683,0.141,0.505,-2.707,-0.351,1.009,-2.707,-0.232,0.770,-2.698,-0.168,0.496,-2.707,-0.013,0.501,-2.707,
0.354,1.000,-2.691,0.227,0.766,-2.685,0.142,0.504,-2.705,-0.350,1.007,-2.705,-0.233,0.767,-2.699,-0.167,0.497,-2.703,-0.013,0.500,-2.704,
0.354,1.000,-2.690,0.227,0.766,-2.685,0.142,0.503,-2.703,-0.349,1.006,-2.708,-0.233,0.766,-2.698,-0.167,0.495,-2.701,-0.012,0.499,-2.702,
0.354,1.000,-2.686,0.227,0.766,-2.683,0.144,0.504,-2.704,-0.349,1.005,-2.710,-0.233,0.765,-2.699,-0.165,0.498,-2.703,-0.011,0.501,-2.704,
0.353,1.002,-2.686,0.227,0.767,-2.682,0.145,0.503,-2.702,-0.346,1.008,-2.711,-0.234,0.767,-2.700,-0.164,0.500,-2.701,-0.009,0.501,-2.701,
0.351,1.002,-2.688,0.230,0.765,-2.680,0.147,0.502,-2.704,-0.345,1.007,-2.711,-0.234,0.765,-2.700,-0.162,0.501,-2.703,-0.008,0.502,-2.704,
0.346,1.005,-2.689,0.233,0.764,-2.679,0.149,0.501,-2.702,-0.341,1.009,-2.715,-0.239,0.763,-2.701,-0.160,0.504,-2.700,-0.006,0.502,-2.701,
0.334,1.009,-2.686,0.240,0.761,-2.682,0.150,0.499,-2.702,-0.333,1.013,-2.712,-0.244,0.763,-2.702,-0.159,0.503,-2.697,-0.004,0.501,-2.700,
0.319,1.010,-2.700,0.248,0.755,-2.687,0.152,0.497,-2.702,-0.318,1.016,-2.715,-0.250,0.760,-2.705,-0.157,0.504,-2.696,-0.002,0.500,-2.699,
0.301,1.008,-2.709,0.259,0.749,-2.685,0.153,0.493,-2.702,-0.305,1.017,-2.714,-0.255,0.756,-2.705,-0.156,0.503,-2.694,-0.002,0.498,-2.698,
0.277,1.004,-2.710,0.267,0.742,-2.686,0.154,0.493,-2.707,-0.286,1.016,-2.717,-0.261,0.752,-2.706,-0.155,0.505,-2.696,-0.000,0.499,-2.701,
0.241,0.988,-2.717,0.275,0.733,-2.682,0.154,0.492,-2.710,-0.274,1.016,-2.718,-0.267,0.751,-2.706,-0.155,0.506,-2.697,-0.000,0.499,-2.703,
0.211,0.974,-2.729,0.278,0.728,-2.683,0.153,0.490,-2.708,-0.246,1.012,-2.713,-0.272,0.750,-2.706,-0.155,0.505,-2.694,-0.001,0.498,-2.701,
0.193,0.954,-2.731,0.286,0.717,-2.679,0.153,0.489,-2.707,-0.216,1.001,-2.711,-0.279,0.746,-2.708,-0.156,0.505,-2.692,-0.001,0.497,-2.699,
0.163,0.931,-2.726,0.288,0.710,-2.678,0.151,0.489,-2.707,-0.169,0.981,-2.700,-0.282,0.751,-2.706,-0.157,0.503,-2.691,-0.003,0.496,-2.699,
0.137,0.912,-2.729,0.287,0.706,-2.678,0.150,0.489,-2.706,-0.142,0.962,-2.685,-0.286,0.750,-2.700,-0.159,0.502,-2.690,-0.004,0.495,-2.698,
0.120,0.901,-2.725,0.283,0.705,-2.678,0.148,0.491,-2.706,-0.115,0.938,-2.686,-0.287,0.747,-2.698,-0.160,0.503,-2.690,-0.006,0.497,-2.698,
0.111,0.884,-2.733,0.285,0.700,-2.677,0.146,0.493,-2.706,-0.087,0.912,-2.685,-0.283,0.746,-2.696,-0.163,0.502,-2.689,-0.009,0.498,-2.698,
0.109,0.869,-2.735,0.291,0.692,-2.677,0.143,0.492,-2.706,-0.086,0.900,-2.693,-0.287,0.737,-2.699,-0.166,0.499,-2.690,-0.011,0.496,-2.698,
0.108,0.860,-2.726,0.294,0.685,-2.676,0.142,0.491,-2.705,-0.083,0.890,-2.696,-0.289,0.731,-2.700,-0.167,0.496,-2.690,-0.013,0.494,-2.698,
0.105,0.856,-2.720,0.289,0.679,-2.673,0.140,0.495,-2.705,-0.095,0.891,-2.702,-0.305,0.735,-2.703,-0.169,0.499,-2.691,-0.015,0.497,-2.698,
0.105,0.856,-2.720,0.289,0.679,-2.673,0.137,0.495,-2.704,-0.099,0.888,-2.702,-0.306,0.730,-2.704,-0.172,0.498,-2.691,-0.017,0.497,-2.698,
0.106,0.855,-2.727,0.287,0.678,-2.672,0.137,0.494,-2.703,-0.106,0.885,-2.707,-0.308,0.722,-2.705,-0.172,0.494,-2.692,-0.018,0.494,-2.698,
0.105,0.854,-2.728,0.285,0.677,-2.673,0.137,0.494,-2.706,-0.106,0.884,-2.716,-0.307,0.719,-2.702,-0.172,0.493,-2.698,-0.018,0.494,-2.702,
0.100,0.851,-2.752,0.278,0.683,-2.676,0.135,0.496,-2.704,-0.110,0.885,-2.718,-0.306,0.716,-2.699,-0.174,0.493,-2.696,-0.019,0.495,-2.700,
0.100,0.851,-2.752,0.278,0.683,-2.676,0.135,0.496,-2.704,-0.110,0.885,-2.718,-0.306,0.716,-2.699,-0.174,0.493,-2.696,-0.019,0.498,-2.700,
0.083,0.855,-2.730,0.277,0.694,-2.677,0.136,0.504,-2.704,-0.114,0.885,-2.721,-0.309,0.714,-2.698,-0.173,0.502,-2.696,-0.019,0.503,-2.700,
0.089,0.855,-2.731,0.283,0.693,-2.676,0.134,0.504,-2.706,-0.116,0.884,-2.718,-0.311,0.714,-2.697,-0.175,0.500,-2.701,-0.021,0.502,-2.703,
0.098,0.854,-2.733,0.289,0.688,-2.677,0.133,0.502,-2.707,-0.112,0.884,-2.709,-0.308,0.715,-2.697,-0.176,0.496,-2.702,-0.022,0.499,-2.705,
0.107,0.859,-2.740,0.289,0.684,-2.681,0.133,0.502,-2.709,-0.105,0.883,-2.691,-0.303,0.716,-2.696,-0.176,0.497,-2.702,-0.021,0.500,-2.705,
0.111,0.865,-2.745,0.291,0.686,-2.688,0.133,0.503,-2.710,-0.109,0.897,-2.700,-0.299,0.719,-2.697,-0.176,0.498,-2.700,-0.021,0.501,-2.705,
0.123,0.873,-2.753,0.295,0.686,-2.695,0.133,0.505,-2.711,-0.110,0.915,-2.695,-0.294,0.727,-2.695,-0.176,0.500,-2.699,-0.022,0.502,-2.705,
0.136,0.878,-2.764,0.294,0.682,-2.700,0.132,0.504,-2.714,-0.110,0.936,-2.689,-0.291,0.739,-2.691,-0.177,0.501,-2.697,-0.023,0.503,-2.705,
0.136,0.878,-2.764,0.294,0.682,-2.700,0.132,0.504,-2.714,-0.118,0.964,-2.692,-0.290,0.752,-2.687,-0.179,0.499,-2.693,-0.025,0.501,-2.705,
0.197,0.865,-2.808,0.308,0.650,-2.730,0.124,0.499,-2.723,-0.122,0.986,-2.699,-0.290,0.766,-2.684,-0.183,0.502,-2.688,-0.029,0.501,-2.705,
0.236,0.847,-2.815,0.317,0.615,-2.755,0.120,0.495,-2.730,-0.145,1.001,-2.693,-0.292,0.765,-2.682,-0.185,0.505,-2.683,-0.033,0.500,-2.706,
0.277,0.824,-2.817,0.320,0.579,-2.772,0.112,0.487,-2.737,-0.162,1.012,-2.688,-0.292,0.765,-2.681,-0.190,0.507,-2.677,-0.039,0.497,-2.707,
0.306,0.803,-2.834,0.325,0.554,-2.786,0.104,0.477,-2.745,-0.166,1.019,-2.678,-0.289,0.767,-2.675,-0.194,0.506,-2.671,-0.045,0.492,-2.708,
0.334,0.777,-2.861,0.320,0.531,-2.802,0.098,0.468,-2.751,-0.164,1.024,-2.670,-0.282,0.769,-2.673,-0.196,0.506,-2.665,-0.049,0.487,-2.708,
0.364,0.727,-2.882,0.313,0.488,-2.817,0.090,0.459,-2.759,-0.159,1.028,-2.667,-0.271,0.770,-2.672,-0.199,0.506,-2.662,-0.054,0.483,-2.710,
0.397,0.664,-2.901,0.302,0.441,-2.835,0.084,0.447,-2.762,-0.145,1.029,-2.666,-0.265,0.774,-2.671,-0.201,0.504,-2.658,-0.059,0.475,-2.710,
0.367,0.536,-2.885,0.245,0.400,-2.818,0.078,0.437,-2.765,-0.132,1.025,-2.665,-0.259,0.774,-2.673,-0.202,0.502,-2.654,-0.062,0.469,-2.710,
0.352,0.447,-2.886,0.209,0.351,-2.819,0.073,0.427,-2.771,-0.114,1.021,-2.663,-0.247,0.773,-2.676,-0.203,0.500,-2.652,-0.065,0.464,-2.711,
0.366,0.380,-2.906,0.187,0.300,-2.822,0.067,0.416,-2.779,-0.091,1.016,-2.667,-0.235,0.774,-2.677,-0.203,0.499,-2.654,-0.068,0.457,-2.716,
0.387,0.326,-2.937,0.185,0.260,-2.830,0.061,0.405,-2.779,-0.070,1.011,-2.674,-0.223,0.774,-2.680,-0.206,0.495,-2.653,-0.072,0.450,-2.716,
0.399,0.299,-2.956,0.190,0.227,-2.840,0.059,0.396,-2.780,-0.050,0.999,-2.682,-0.212,0.768,-2.682,-0.205,0.491,-2.652,-0.073,0.444,-2.716,
0.388,0.254,-2.987,0.187,0.195,-2.843,0.057,0.387,-2.782,-0.021,0.998,-2.696,-0.199,0.780,-2.681,-0.204,0.488,-2.651,-0.073,0.437,-2.716,
0.381,0.210,-2.990,0.173,0.161,-2.842,0.054,0.380,-2.791,0.029,0.994,-2.709,-0.173,0.793,-2.679,-0.200,0.488,-2.654,-0.073,0.434,-2.722,
0.381,0.210,-2.990,0.173,0.161,-2.842,0.054,0.380,-2.791,0.029,0.994,-2.709,-0.173,0.793,-2.679,-0.200,0.488,-2.654,-0.075,0.428,-2.730,
0.364,0.168,-3.016,0.165,0.136,-2.843,0.048,0.369,-2.804,0.073,0.979,-2.721,-0.150,0.797,-2.678,-0.197,0.486,-2.657,-0.074,0.420,-2.741,
0.347,0.125,-2.992,0.135,0.120,-2.834,0.045,0.358,-2.817,0.115,0.956,-2.729,-0.132,0.801,-2.678,-0.193,0.482,-2.664,-0.072,0.414,-2.746,
0.337,0.096,-2.981,0.120,0.110,-2.824,0.044,0.350,-2.825,0.155,0.915,-2.749,-0.103,0.788,-2.679,-0.187,0.473,-2.670,-0.072,0.406,-2.750,
0.333,0.068,-2.973,0.091,0.089,-2.824,0.040,0.330,-2.825,0.164,0.897,-2.757,-0.097,0.781,-2.684,-0.189,0.466,-2.668,-0.075,0.398,-2.746,
0.326,0.051,-2.955,0.091,0.089,-2.824,0.040,0.330,-2.825,0.164,0.897,-2.757,-0.097,0.781,-2.684,-0.189,0.466,-2.668,-0.075,0.398,-2.746,
0.322,0.036,-2.968,0.084,0.076,-2.832,0.041,0.332,-2.833,0.170,0.882,-2.764,-0.090,0.767,-2.684,-0.186,0.472,-2.676,-0.072,0.402,-2.754,
0.321,0.034,-2.964,0.078,0.073,-2.831,0.037,0.321,-2.831,0.171,0.881,-2.765,-0.088,0.767,-2.688,-0.187,0.468,-2.677,-0.075,0.394,-2.754,
0.316,0.033,-2.959,0.074,0.078,-2.834,0.034,0.312,-2.830,0.173,0.880,-2.765,-0.090,0.770,-2.688,-0.189,0.462,-2.676,-0.078,0.387,-2.753,
0.319,0.046,-2.974,0.078,0.073,-2.843,0.031,0.304,-2.821,0.172,0.877,-2.758,-0.093,0.768,-2.686,-0.195,0.455,-2.672,-0.082,0.379,-2.746,
0.322,0.056,-2.973,0.081,0.071,-2.848,0.030,0.302,-2.811,0.165,0.882,-2.751,-0.097,0.762,-2.681,-0.201,0.448,-2.668,-0.086,0.375,-2.740,
0.319,0.063,-2.984,0.085,0.072,-2.853,0.031,0.308,-2.812,0.159,0.885,-2.749,-0.105,0.761,-2.680,-0.203,0.451,-2.671,-0.086,0.379,-2.741,
0.325,0.086,-3.008,0.104,0.073,-2.859,0.029,0.309,-2.812,0.146,0.890,-2.748,-0.113,0.760,-2.677,-0.207,0.450,-2.671,-0.089,0.380,-2.741,
0.343,0.099,-2.988,0.111,0.080,-2.853,0.029,0.315,-2.813,0.139,0.894,-2.752,-0.117,0.761,-2.670,-0.210,0.449,-2.671,-0.091,0.382,-2.742,
0.350,0.118,-2.972,0.111,0.090,-2.851,0.026,0.315,-2.805,0.135,0.898,-2.742,-0.121,0.763,-2.668,-0.217,0.446,-2.666,-0.096,0.380,-2.735,
0.369,0.145,-2.958,0.128,0.100,-2.842,0.019,0.310,-2.803,0.116,0.910,-2.725,-0.138,0.763,-2.666,-0.228,0.438,-2.668,-0.104,0.374,-2.735,
0.369,0.145,-2.958,0.128,0.100,-2.842,0.023,0.316,-2.795,0.102,0.919,-2.715,-0.149,0.756,-2.668,-0.232,0.431,-2.663,-0.105,0.374,-2.729,
0.401,0.193,-2.918,0.161,0.131,-2.827,0.025,0.322,-2.791,0.087,0.935,-2.707,-0.162,0.767,-2.663,-0.234,0.425,-2.659,-0.105,0.373,-2.725,
0.401,0.193,-2.918,0.161,0.131,-2.827,0.025,0.322,-2.791,0.087,0.935,-2.707,-0.162,0.767,-2.663,-0.234,0.425,-2.659,-0.100,0.377,-2.724,
0.442,0.303,-2.899,0.224,0.196,-2.808,0.035,0.345,-2.792,0.036,0.982,-2.685,-0.189,0.773,-2.660,-0.235,0.421,-2.664,-0.100,0.383,-2.728,
0.455,0.373,-2.884,0.248,0.245,-2.798,0.038,0.357,-2.783,-0.047,0.971,-2.666,-0.219,0.735,-2.671,-0.239,0.421,-2.664,-0.101,0.389,-2.723,
0.467,0.466,-2.865,0.279,0.306,-2.789,0.047,0.383,-2.782,-0.105,0.971,-2.661,-0.241,0.718,-2.677,-0.234,0.431,-2.663,-0.093,0.407,-2.723,
0.467,0.466,-2.865,0.279,0.306,-2.789,0.047,0.383,-2.782,-0.105,0.971,-2.661,-0.241,0.718,-2.677,-0.234,0.431,-2.663,-0.093,0.407,-2.723,
0.464,0.559,-2.836,0.297,0.372,-2.775,0.051,0.400,-2.773,-0.139,0.981,-2.658,-0.252,0.718,-2.682,-0.234,0.439,-2.661,-0.091,0.420,-2.717,
0.427,0.748,-2.784,0.311,0.515,-2.737,0.064,0.432,-2.754,-0.192,1.007,-2.662,-0.260,0.728,-2.688,-0.232,0.465,-2.673,-0.084,0.448,-2.713,
0.427,0.748,-2.784,0.311,0.515,-2.737,0.064,0.432,-2.754,-0.192,1.007,-2.662,-0.260,0.728,-2.688,-0.232,0.465,-2.673,-0.082,0.454,-2.708,
0.357,0.886,-2.730,0.277,0.627,-2.703,0.073,0.446,-2.731,-0.216,1.027,-2.670,-0.263,0.743,-2.691,-0.229,0.475,-2.674,-0.078,0.461,-2.703,
0.315,0.925,-2.712,0.246,0.659,-2.693,0.080,0.455,-2.722,-0.221,1.040,-2.674,-0.252,0.753,-2.689,-0.224,0.480,-2.677,-0.072,0.468,-2.699,
0.274,0.959,-2.691,0.221,0.688,-2.684,0.088,0.462,-2.715,-0.218,1.050,-2.674,-0.244,0.762,-2.688,-0.218,0.486,-2.681,-0.065,0.474,-2.698,
0.274,0.959,-2.691,0.221,0.688,-2.684,0.088,0.462,-2.715,-0.208,1.052,-2.679,-0.234,0.764,-2.687,-0.214,0.492,-2.691,-0.060,0.480,-2.701,
0.189,0.998,-2.672,0.181,0.722,-2.662,0.097,0.468,-2.701,-0.199,1.058,-2.679,-0.226,0.770,-2.686,-0.211,0.490,-2.693,-0.057,0.479,-2.697,
0.158,1.006,-2.659,0.165,0.729,-2.656,0.129,0.468,-2.689,-0.190,1.061,-2.680,-0.210,0.772,-2.685,-0.179,0.491,-2.685,-0.025,0.479,-2.687,
0.125,1.014,-2.649,0.160,0.740,-2.645,0.151,0.467,-2.682,-0.171,1.056,-2.682,-0.196,0.768,-2.688,-0.157,0.492,-2.681,-0.003,0.479,-2.681,
0.101,1.014,-2.643,0.158,0.743,-2.635,0.172,0.466,-2.673,-0.154,1.057,-2.675,-0.173,0.768,-2.685,-0.136,0.493,-2.677,0.018,0.480,-2.675,
0.085,1.010,-2.642,0.159,0.743,-2.629,0.188,0.466,-2.666,-0.132,1.056,-2.675,-0.159,0.768,-2.684,-0.119,0.495,-2.676,0.034,0.480,-2.671,
0.069,1.009,-2.639,0.159,0.747,-2.625,0.201,0.466,-2.660,-0.105,1.055,-2.674,-0.142,0.768,-2.684,-0.106,0.495,-2.676,0.048,0.481,-2.668,
0.061,1.007,-2.631,0.160,0.748,-2.623,0.218,0.468,-2.652,-0.080,1.057,-2.676,-0.125,0.771,-2.682,-0.089,0.495,-2.674,0.064,0.482,-2.663,
0.057,1.006,-2.631,0.162,0.748,-2.622,0.230,0.469,-2.647,-0.061,1.054,-2.676,-0.116,0.770,-2.681,-0.077,0.496,-2.673,0.077,0.482,-2.660,
0.056,1.002,-2.631,0.168,0.747,-2.622,0.240,0.471,-2.642,-0.039,1.051,-2.673,-0.111,0.771,-2.681,-0.067,0.496,-2.672,0.087,0.483,-2.657,
0.057,0.999,-2.634,0.171,0.745,-2.623,0.248,0.472,-2.637,-0.026,1.052,-2.672,-0.096,0.771,-2.678,-0.058,0.496,-2.673,0.095,0.484,-2.655,
0.057,0.999,-2.634,0.171,0.745,-2.623,0.248,0.472,-2.637,-0.026,1.052,-2.672,-0.096,0.771,-2.678,-0.058,0.496,-2.673,0.095,0.484,-2.655,
0.065,1.004,-2.643,0.183,0.752,-2.625,0.263,0.476,-2.632,-0.014,1.054,-2.679,-0.078,0.772,-2.672,-0.042,0.496,-2.675,0.111,0.486,-2.653,
0.065,1.004,-2.643,0.190,0.759,-2.627,0.267,0.479,-2.632,-0.012,1.052,-2.681,-0.077,0.770,-2.673,-0.039,0.495,-2.675,0.114,0.487,-2.653,
0.070,1.012,-2.652,0.193,0.763,-2.631,0.269,0.480,-2.633,-0.010,1.051,-2.685,-0.076,0.769,-2.674,-0.037,0.495,-2.675,0.116,0.487,-2.654,
0.077,1.012,-2.663,0.197,0.762,-2.636,0.270,0.481,-2.634,-0.009,1.049,-2.688,-0.076,0.768,-2.674,-0.036,0.494,-2.675,0.117,0.488,-2.655,
0.081,1.013,-2.667,0.200,0.763,-2.641,0.270,0.481,-2.635,-0.005,1.047,-2.690,-0.075,0.766,-2.675,-0.036,0.494,-2.675,0.117,0.488,-2.655,
0.086,1.012,-2.666,0.204,0.760,-2.643,0.272,0.482,-2.636,0.005,1.044,-2.693,-0.074,0.766,-2.676,-0.035,0.493,-2.673,0.118,0.488,-2.655,
0.086,1.012,-2.670,0.205,0.761,-2.643,0.271,0.483,-2.638,0.008,1.043,-2.693,-0.074,0.766,-2.678,-0.036,0.492,-2.673,0.118,0.488,-2.655,
0.101,1.003,-2.679,0.211,0.754,-2.643,0.271,0.483,-2.642,0.011,1.041,-2.692,-0.074,0.765,-2.678,-0.037,0.492,-2.672,0.117,0.487,-2.657,
0.103,1.000,-2.676,0.212,0.751,-2.643,0.271,0.482,-2.646,0.014,1.040,-2.692,-0.074,0.764,-2.679,-0.037,0.491,-2.668,0.117,0.487,-2.657,
0.106,0.996,-2.674,0.213,0.747,-2.644,0.271,0.481,-2.648,0.016,1.039,-2.696,-0.074,0.764,-2.679,-0.037,0.491,-2.666,0.117,0.486,-2.657,
0.104,0.993,-2.674,0.214,0.746,-2.643,0.271,0.479,-2.650,0.017,1.038,-2.698,-0.074,0.764,-2.679,-0.037,0.491,-2.664,0.117,0.485,-2.657,
0.108,0.993,-2.673,0.214,0.745,-2.640,0.271,0.478,-2.652,0.019,1.037,-2.700,-0.074,0.764,-2.681,-0.038,0.491,-2.661,0.117,0.484,-2.656,
0.105,0.991,-2.673,0.215,0.744,-2.640,0.271,0.477,-2.653,0.018,1.037,-2.700,-0.074,0.763,-2.679,-0.038,0.491,-2.659,0.116,0.484,-2.656,
0.108,0.990,-2.668,0.215,0.741,-2.643,0.270,0.476,-2.655,0.018,1.038,-2.700,-0.072,0.764,-2.678,-0.038,0.490,-2.658,0.116,0.483,-2.657,
0.104,0.986,-2.670,0.215,0.740,-2.642,0.267,0.475,-2.658,0.017,1.037,-2.701,-0.073,0.763,-2.680,-0.041,0.488,-2.658,0.113,0.482,-2.658,
0.108,0.988,-2.671,0.215,0.740,-2.643,0.266,0.475,-2.659,0.014,1.037,-2.700,-0.074,0.762,-2.683,-0.043,0.487,-2.658,0.112,0.481,-2.658,
0.108,0.988,-2.671,0.215,0.740,-2.643,0.266,0.475,-2.659,0.014,1.035,-2.700,-0.074,0.760,-2.682,-0.043,0.486,-2.658,0.111,0.480,-2.658,
0.109,0.991,-2.673,0.212,0.742,-2.642,0.266,0.474,-2.659,0.014,1.035,-2.700,-0.072,0.760,-2.681,-0.043,0.486,-2.658,0.112,0.480,-2.658,
0.105,0.986,-2.674,0.214,0.739,-2.643,0.265,0.473,-2.659,0.011,1.035,-2.700,-0.074,0.759,-2.680,-0.044,0.485,-2.657,0.111,0.479,-2.658,
0.105,0.986,-2.674,0.214,0.739,-2.643,0.265,0.473,-2.659,0.011,1.035,-2.700,-0.074,0.759,-2.680,-0.044,0.485,-2.657,0.109,0.478,-2.658,
0.114,0.985,-2.679,0.216,0.738,-2.637,0.260,0.473,-2.658,0.008,1.032,-2.697,-0.075,0.755,-2.680,-0.049,0.482,-2.655,0.106,0.478,-2.656,
0.103,0.987,-2.673,0.211,0.742,-2.638,0.258,0.474,-2.658,0.006,1.030,-2.696,-0.078,0.753,-2.684,-0.051,0.480,-2.654,0.104,0.477,-2.656,
0.097,0.984,-2.668,0.209,0.740,-2.641,0.257,0.474,-2.657,0.004,1.030,-2.697,-0.077,0.753,-2.682,-0.052,0.479,-2.653,0.102,0.477,-2.655,
0.097,0.984,-2.668,0.209,0.740,-2.641,0.257,0.474,-2.657,0.004,1.030,-2.697,-0.079,0.753,-2.683,-0.055,0.477,-2.653,0.100,0.476,-2.655,
0.106,0.985,-2.675,0.204,0.744,-2.639,0.253,0.474,-2.655,-0.002,1.031,-2.695,-0.080,0.752,-2.684,-0.056,0.476,-2.652,0.099,0.475,-2.654,
0.096,0.987,-2.668,0.203,0.745,-2.640,0.253,0.474,-2.654,-0.005,1.031,-2.694,-0.078,0.752,-2.679,-0.057,0.475,-2.652,0.098,0.474,-2.653,
0.096,0.986,-2.667,0.201,0.743,-2.640,0.252,0.473,-2.654,-0.009,1.032,-2.693,-0.076,0.751,-2.678,-0.057,0.475,-2.651,0.098,0.474,-2.652,
0.096,0.986,-2.668,0.198,0.743,-2.639,0.252,0.472,-2.654,-0.010,1.034,-2.693,-0.074,0.752,-2.676,-0.057,0.474,-2.650,0.097,0.473,-2.652,
0.098,0.985,-2.665,0.196,0.739,-2.639,0.252,0.472,-2.653,-0.012,1.033,-2.693,-0.074,0.751,-2.675,-0.057,0.473,-2.650,0.098,0.472,-2.651,
0.098,0.985,-2.665,0.196,0.739,-2.639,0.252,0.472,-2.653,-0.012,1.033,-2.693,-0.074,0.751,-2.675,-0.057,0.473,-2.650,0.098,0.472,-2.651,
0.096,0.983,-2.668,0.196,0.738,-2.641,0.251,0.470,-2.652,-0.014,1.032,-2.694,-0.075,0.749,-2.676,-0.058,0.471,-2.648,0.097,0.471,-2.650,
0.096,0.983,-2.668,0.196,0.738,-2.641,0.251,0.470,-2.652,-0.014,1.032,-2.694,-0.075,0.749,-2.676,-0.058,0.471,-2.648,0.097,0.470,-2.650,
0.095,0.981,-2.664,0.194,0.735,-2.640,0.252,0.470,-2.652,-0.014,1.029,-2.689,-0.075,0.746,-2.674,-0.057,0.470,-2.647,0.097,0.470,-2.649,
0.095,0.980,-2.662,0.194,0.734,-2.639,0.251,0.469,-2.652,-0.013,1.029,-2.688,-0.076,0.747,-2.674,-0.058,0.469,-2.646,0.097,0.469,-2.649,
0.095,0.980,-2.662,0.194,0.734,-2.639,0.251,0.469,-2.652,-0.013,1.029,-2.688,-0.076,0.747,-2.674,-0.058,0.469,-2.646,0.097,0.469,-2.649,
0.095,0.980,-2.662,0.194,0.734,-2.639,0.251,0.469,-2.652,-0.013,1.029,-2.688,-0.076,0.747,-2.674,-0.058,0.469,-2.646,0.097,0.469,-2.649,
0.095,0.980,-2.662,0.194,0.734,-2.639,0.251,0.469,-2.652,-0.013,1.029,-2.688,-0.076,0.747,-2.674,-0.058,0.469,-2.646,0.097,0.469,-2.649,
0.095,0.980,-2.662,0.194,0.734,-2.639,0.251,0.469,-2.652,-0.013,1.029,-2.688,-0.076,0.747,-2.674,-0.058,0.469,-2.646,0.097,0.469,-2.649,
0.095,0.980,-2.662,0.194,0.734,-2.639,0.251,0.469,-2.652,-0.013,1.029,-2.688,-0.076,0.747,-2.674,-0.058,0.469,-2.646,0.097,0.469,-2.649,
