0.320,0.089,-2.646,0.340,0.383,-2.730,0.245,0.682,-2.652,-0.163,0.194,-2.689,-0.148,0.472,-2.747,-0.068,0.677,-2.677,0.088,0.679,-2.664,
0.309,0.082,-2.642,0.341,0.375,-2.731,0.245,0.681,-2.657,-0.167,0.259,-2.708,-0.159,0.525,-2.753,-0.068,0.674,-2.678,0.088,0.678,-2.667,
0.309,0.089,-2.648,0.340,0.385,-2.731,0.244,0.681,-2.658,-0.165,0.280,-2.720,-0.168,0.548,-2.760,-0.069,0.674,-2.681,0.088,0.677,-2.670,
0.314,0.091,-2.641,0.340,0.385,-2.733,0.245,0.683,-2.659,-0.163,0.287,-2.717,-0.171,0.555,-2.755,-0.068,0.676,-2.681,0.088,0.679,-2.670,
0.319,0.097,-2.648,0.339,0.394,-2.733,0.244,0.687,-2.656,-0.167,0.211,-2.710,-0.167,0.491,-2.749,-0.069,0.680,-2.679,0.087,0.683,-2.667,
0.320,0.096,-2.646,0.339,0.392,-2.730,0.245,0.683,-2.654,-0.160,0.175,-2.698,-0.163,0.461,-2.745,-0.068,0.676,-2.677,0.088,0.680,-2.665,
0.320,0.095,-2.646,0.338,0.390,-2.731,0.245,0.685,-2.654,-0.162,0.239,-2.707,-0.167,0.512,-2.749,-0.068,0.678,-2.676,0.088,0.682,-2.665,
0.320,0.094,-2.641,0.339,0.387,-2.734,0.244,0.690,-2.653,-0.166,0.187,-2.707,-0.165,0.471,-2.745,-0.069,0.682,-2.676,0.088,0.686,-2.665,
0.320,0.094,-2.644,0.341,0.388,-2.731,0.244,0.690,-2.654,-0.165,0.245,-2.712,-0.165,0.518,-2.742,-0.069,0.681,-2.675,0.088,0.685,-2.665,
0.326,0.100,-2.648,0.339,0.397,-2.730,0.245,0.691,-2.659,-0.171,0.195,-2.708,-0.162,0.477,-2.742,-0.068,0.682,-2.677,0.088,0.686,-2.668,
0.324,0.098,-2.645,0.339,0.393,-2.730,0.245,0.688,-2.657,-0.165,0.170,-2.692,-0.156,0.454,-2.744,-0.068,0.680,-2.676,0.089,0.684,-2.666,
0.326,0.093,-2.638,0.339,0.387,-2.731,0.245,0.688,-2.659,-0.156,0.155,-2.683,-0.154,0.441,-2.746,-0.068,0.681,-2.679,0.089,0.685,-2.669,
0.323,0.093,-2.638,0.339,0.385,-2.730,0.245,0.691,-2.659,-0.153,0.150,-2.677,-0.155,0.436,-2.743,-0.068,0.683,-2.681,0.088,0.687,-2.670,
0.324,0.110,-2.645,0.344,0.404,-2.731,0.245,0.688,-2.659,-0.164,0.227,-2.694,-0.161,0.501,-2.748,-0.068,0.680,-2.682,0.089,0.684,-2.671,
0.326,0.111,-2.637,0.342,0.401,-2.730,0.245,0.688,-2.660,-0.171,0.181,-2.694,-0.162,0.465,-2.741,-0.068,0.679,-2.683,0.088,0.684,-2.671,
0.326,0.110,-2.627,0.344,0.397,-2.730,0.244,0.685,-2.659,-0.163,0.158,-2.673,-0.161,0.443,-2.735,-0.069,0.679,-2.684,0.087,0.682,-2.671,
0.324,0.116,-2.611,0.342,0.399,-2.729,0.244,0.687,-2.659,-0.151,0.132,-2.650,-0.165,0.415,-2.726,-0.069,0.681,-2.683,0.088,0.684,-2.671,
0.321,0.120,-2.591,0.349,0.398,-2.718,0.243,0.689,-2.659,-0.149,0.135,-2.632,-0.166,0.415,-2.721,-0.070,0.682,-2.684,0.087,0.685,-2.672,
0.319,0.134,-2.569,0.354,0.400,-2.715,0.243,0.688,-2.660,-0.146,0.131,-2.607,-0.169,0.404,-2.710,-0.070,0.684,-2.686,0.086,0.686,-2.673,
0.327,0.147,-2.553,0.356,0.407,-2.709,0.241,0.688,-2.661,-0.143,0.140,-2.575,-0.188,0.398,-2.703,-0.071,0.685,-2.687,0.085,0.687,-2.674,
0.334,0.171,-2.526,0.368,0.415,-2.699,0.241,0.688,-2.660,-0.155,0.160,-2.547,-0.198,0.398,-2.701,-0.072,0.685,-2.687,0.085,0.686,-2.674,
0.342,0.199,-2.500,0.379,0.420,-2.691,0.241,0.688,-2.660,-0.167,0.179,-2.529,-0.203,0.407,-2.699,-0.071,0.686,-2.687,0.085,0.687,-2.673,
0.347,0.233,-2.478,0.383,0.423,-2.693,0.242,0.688,-2.660,-0.176,0.214,-2.496,-0.205,0.415,-2.696,-0.070,0.685,-2.688,0.086,0.687,-2.674,
0.348,0.278,-2.450,0.386,0.426,-2.691,0.244,0.690,-2.663,-0.183,0.254,-2.469,-0.206,0.425,-2.697,-0.069,0.682,-2.688,0.087,0.686,-2.676,
0.349,0.323,-2.426,0.388,0.434,-2.688,0.245,0.688,-2.663,-0.189,0.300,-2.451,-0.213,0.433,-2.703,-0.068,0.678,-2.688,0.089,0.683,-2.675,
0.350,0.373,-2.405,0.392,0.455,-2.681,0.247,0.685,-2.664,-0.194,0.350,-2.421,-0.218,0.444,-2.693,-0.066,0.676,-2.686,0.090,0.680,-2.675,
0.342,0.486,-2.371,0.400,0.478,-2.648,0.244,0.683,-2.669,-0.184,0.448,-2.376,-0.231,0.470,-2.652,-0.069,0.675,-2.689,0.088,0.679,-2.679,
0.342,0.486,-2.371,0.400,0.478,-2.648,0.244,0.683,-2.669,-0.184,0.448,-2.376,-0.231,0.470,-2.652,-0.069,0.675,-2.689,0.088,0.679,-2.679,
0.339,0.543,-2.367,0.404,0.482,-2.632,0.243,0.686,-2.671,-0.183,0.509,-2.376,-0.236,0.481,-2.642,-0.070,0.679,-2.691,0.087,0.683,-2.681,
0.335,0.590,-2.376,0.408,0.486,-2.624,0.245,0.686,-2.672,-0.185,0.567,-2.379,-0.236,0.487,-2.638,-0.069,0.679,-2.691,0.088,0.682,-2.682,
0.336,0.633,-2.381,0.410,0.493,-2.616,0.245,0.690,-2.673,-0.180,0.619,-2.390,-0.240,0.499,-2.640,-0.068,0.679,-2.691,0.089,0.685,-2.682,
0.331,0.673,-2.397,0.410,0.500,-2.609,0.246,0.688,-2.673,-0.175,0.670,-2.402,-0.242,0.509,-2.631,-0.068,0.679,-2.691,0.090,0.687,-2.681,
0.324,0.709,-2.416,0.411,0.509,-2.607,0.246,0.693,-2.673,-0.171,0.721,-2.418,-0.244,0.525,-2.621,-0.067,0.682,-2.690,0.090,0.687,-2.681,
0.312,0.738,-2.442,0.410,0.515,-2.603,0.247,0.697,-2.674,-0.171,0.755,-2.443,-0.242,0.531,-2.623,-0.066,0.685,-2.688,0.090,0.691,-2.681,
0.306,0.756,-2.465,0.409,0.517,-2.600,0.247,0.696,-2.672,-0.166,0.779,-2.476,-0.243,0.530,-2.626,-0.066,0.683,-2.690,0.091,0.690,-2.681,
0.302,0.767,-2.483,0.407,0.518,-2.603,0.247,0.697,-2.670,-0.158,0.796,-2.494,-0.240,0.533,-2.625,-0.066,0.686,-2.690,0.090,0.691,-2.680,
0.299,0.764,-2.505,0.404,0.510,-2.611,0.246,0.698,-2.669,-0.149,0.797,-2.509,-0.238,0.529,-2.635,-0.067,0.687,-2.690,0.089,0.692,-2.680,
0.299,0.761,-2.517,0.394,0.499,-2.621,0.247,0.691,-2.663,-0.146,0.799,-2.526,-0.235,0.523,-2.641,-0.065,0.681,-2.688,0.091,0.686,-2.675,
0.300,0.760,-2.527,0.389,0.491,-2.629,0.246,0.692,-2.662,-0.142,0.797,-2.531,-0.235,0.520,-2.646,-0.067,0.682,-2.689,0.090,0.687,-2.675,
0.300,0.759,-2.532,0.384,0.485,-2.636,0.247,0.689,-2.661,-0.141,0.791,-2.537,-0.236,0.515,-2.652,-0.066,0.679,-2.684,0.091,0.684,-2.672,
0.303,0.758,-2.533,0.382,0.480,-2.639,0.247,0.694,-2.663,-0.145,0.789,-2.538,-0.236,0.512,-2.656,-0.066,0.686,-2.687,0.090,0.690,-2.675,
0.305,0.757,-2.535,0.381,0.477,-2.642,0.246,0.694,-2.668,-0.143,0.786,-2.540,-0.235,0.511,-2.659,-0.067,0.687,-2.690,0.090,0.690,-2.679,
0.311,0.756,-2.525,0.383,0.477,-2.641,0.246,0.693,-2.669,-0.150,0.786,-2.536,-0.235,0.511,-2.658,-0.067,0.686,-2.689,0.089,0.689,-2.679,
0.315,0.758,-2.526,0.386,0.479,-2.640,0.246,0.695,-2.670,-0.153,0.786,-2.529,-0.235,0.513,-2.658,-0.067,0.687,-2.690,0.089,0.691,-2.680,
0.317,0.759,-2.528,0.388,0.482,-2.637,0.245,0.696,-2.671,-0.155,0.786,-2.527,-0.235,0.512,-2.654,-0.068,0.687,-2.691,0.088,0.692,-2.681,
0.318,0.760,-2.529,0.386,0.482,-2.638,0.245,0.691,-2.670,-0.156,0.786,-2.524,-0.235,0.512,-2.652,-0.068,0.684,-2.691,0.088,0.688,-2.681,
0.315,0.758,-2.529,0.385,0.480,-2.639,0.244,0.692,-2.674,-0.156,0.787,-2.528,-0.236,0.512,-2.651,-0.069,0.684,-2.694,0.087,0.688,-2.684,
0.317,0.759,-2.530,0.385,0.478,-2.638,0.244,0.693,-2.673,-0.159,0.787,-2.530,-0.236,0.512,-2.652,-0.070,0.685,-2.690,0.087,0.689,-2.682,
0.318,0.759,-2.528,0.385,0.479,-2.642,0.244,0.692,-2.673,-0.161,0.781,-2.527,-0.236,0.510,-2.657,-0.069,0.684,-2.690,0.087,0.688,-2.682,
0.315,0.757,-2.526,0.383,0.478,-2.646,0.244,0.689,-2.670,-0.165,0.774,-2.513,-0.236,0.508,-2.655,-0.069,0.682,-2.684,0.087,0.686,-2.677,
0.315,0.757,-2.526,0.383,0.478,-2.646,0.244,0.689,-2.670,-0.165,0.774,-2.513,-0.236,0.508,-2.655,-0.069,0.682,-2.684,0.087,0.686,-2.677,
0.314,0.756,-2.528,0.389,0.480,-2.646,0.245,0.695,-2.673,-0.159,0.772,-2.512,-0.236,0.508,-2.653,-0.069,0.686,-2.685,0.088,0.691,-2.679,
0.310,0.752,-2.522,0.388,0.482,-2.649,0.247,0.694,-2.673,-0.154,0.777,-2.508,-0.246,0.519,-2.651,-0.067,0.686,-2.686,0.090,0.690,-2.679,
0.304,0.732,-2.506,0.386,0.483,-2.656,0.247,0.695,-2.673,-0.156,0.788,-2.507,-0.253,0.531,-2.651,-0.067,0.688,-2.687,0.090,0.692,-2.680,
0.308,0.705,-2.491,0.386,0.478,-2.668,0.246,0.695,-2.672,-0.160,0.797,-2.503,-0.261,0.542,-2.648,-0.067,0.687,-2.690,0.089,0.691,-2.681,
0.308,0.678,-2.479,0.388,0.472,-2.673,0.244,0.695,-2.672,-0.155,0.811,-2.491,-0.273,0.562,-2.636,-0.069,0.687,-2.691,0.088,0.691,-2.682,
0.309,0.639,-2.462,0.385,0.470,-2.681,0.243,0.695,-2.673,-0.145,0.825,-2.481,-0.282,0.585,-2.625,-0.070,0.689,-2.691,0.087,0.692,-2.682,
0.314,0.593,-2.445,0.380,0.473,-2.681,0.241,0.688,-2.673,-0.139,0.847,-2.473,-0.288,0.608,-2.611,-0.072,0.687,-2.691,0.085,0.688,-2.682,
0.313,0.534,-2.436,0.381,0.480,-2.697,0.239,0.686,-2.672,-0.133,0.870,-2.465,-0.293,0.636,-2.600,-0.074,0.686,-2.691,0.082,0.686,-2.682,
0.318,0.477,-2.433,0.372,0.481,-2.708,0.237,0.683,-2.669,-0.129,0.886,-2.467,-0.300,0.651,-2.588,-0.076,0.684,-2.688,0.081,0.684,-2.679,
0.319,0.424,-2.435,0.364,0.470,-2.717,0.234,0.681,-2.668,-0.122,0.901,-2.464,-0.303,0.669,-2.577,-0.080,0.681,-2.687,0.077,0.681,-2.678,
0.322,0.359,-2.454,0.361,0.460,-2.725,0.232,0.690,-2.673,-0.110,0.916,-2.459,-0.301,0.692,-2.571,-0.082,0.689,-2.687,0.075,0.690,-2.680,
0.329,0.295,-2.483,0.356,0.452,-2.731,0.230,0.691,-2.676,-0.098,0.929,-2.447,-0.295,0.713,-2.564,-0.083,0.688,-2.685,0.073,0.690,-2.681,
0.332,0.245,-2.511,0.352,0.444,-2.737,0.231,0.693,-2.679,-0.086,0.940,-2.444,-0.286,0.723,-2.556,-0.083,0.690,-2.683,0.074,0.691,-2.681,
0.333,0.211,-2.539,0.345,0.437,-2.744,0.231,0.690,-2.679,-0.070,0.946,-2.442,-0.279,0.735,-2.548,-0.082,0.686,-2.681,0.074,0.688,-2.680,
0.336,0.186,-2.563,0.337,0.428,-2.754,0.232,0.695,-2.674,-0.067,0.944,-2.444,-0.277,0.733,-2.549,-0.082,0.689,-2.677,0.075,0.692,-2.676,
0.340,0.174,-2.586,0.331,0.430,-2.766,0.232,0.697,-2.678,-0.064,0.940,-2.440,-0.275,0.734,-2.552,-0.082,0.690,-2.677,0.075,0.694,-2.678,
0.338,0.172,-2.603,0.328,0.438,-2.776,0.233,0.692,-2.677,-0.062,0.939,-2.436,-0.274,0.732,-2.546,-0.080,0.684,-2.672,0.076,0.688,-2.675,
0.336,0.173,-2.608,0.326,0.442,-2.781,0.234,0.684,-2.678,-0.061,0.936,-2.431,-0.273,0.731,-2.544,-0.079,0.679,-2.669,0.077,0.682,-2.673,
0.340,0.167,-2.605,0.327,0.436,-2.783,0.235,0.679,-2.680,-0.060,0.935,-2.428,-0.274,0.732,-2.541,-0.079,0.677,-2.670,0.078,0.678,-2.675,
0.341,0.168,-2.600,0.327,0.432,-2.783,0.235,0.679,-2.679,-0.058,0.935,-2.424,-0.272,0.732,-2.536,-0.079,0.678,-2.668,0.078,0.686,-2.673,
0.341,0.179,-2.586,0.330,0.431,-2.780,0.235,0.688,-2.678,-0.059,0.934,-2.424,-0.272,0.731,-2.538,-0.079,0.684,-2.667,0.078,0.686,-2.673,
0.355,0.184,-2.576,0.334,0.429,-2.774,0.233,0.685,-2.679,-0.060,0.935,-2.422,-0.274,0.732,-2.538,-0.080,0.683,-2.665,0.077,0.684,-2.672,
0.364,0.193,-2.566,0.340,0.431,-2.769,0.231,0.691,-2.682,-0.063,0.930,-2.425,-0.282,0.734,-2.540,-0.083,0.686,-2.668,0.074,0.688,-2.675,
0.370,0.212,-2.540,0.349,0.436,-2.761,0.229,0.690,-2.680,-0.066,0.928,-2.425,-0.288,0.738,-2.545,-0.084,0.685,-2.664,0.073,0.687,-2.672,
0.385,0.233,-2.515,0.355,0.444,-2.751,0.228,0.687,-2.682,-0.075,0.921,-2.431,-0.299,0.732,-2.551,-0.086,0.682,-2.666,0.071,0.684,-2.674,
0.394,0.271,-2.490,0.368,0.457,-2.744,0.227,0.680,-2.680,-0.080,0.921,-2.432,-0.302,0.728,-2.549,-0.086,0.677,-2.664,0.070,0.679,-2.672,
0.406,0.319,-2.459,0.386,0.464,-2.736,0.227,0.681,-2.679,-0.113,0.904,-2.445,-0.311,0.690,-2.564,-0.087,0.684,-2.670,0.069,0.685,-2.675,
0.412,0.382,-2.423,0.409,0.484,-2.717,0.226,0.686,-2.680,-0.113,0.904,-2.445,-0.311,0.690,-2.564,-0.087,0.684,-2.670,0.069,0.685,-2.675,
0.413,0.454,-2.390,0.429,0.539,-2.673,0.227,0.690,-2.680,-0.130,0.876,-2.449,-0.317,0.655,-2.581,-0.087,0.687,-2.677,0.070,0.689,-2.678,
0.411,0.525,-2.374,0.429,0.539,-2.673,0.227,0.690,-2.680,-0.130,0.876,-2.449,-0.317,0.655,-2.581,-0.087,0.687,-2.677,0.070,0.689,-2.678,
0.401,0.603,-2.364,0.440,0.555,-2.650,0.227,0.690,-2.679,-0.128,0.856,-2.447,-0.311,0.638,-2.586,-0.087,0.688,-2.680,0.070,0.689,-2.680,
0.384,0.679,-2.360,0.450,0.576,-2.617,0.228,0.689,-2.674,-0.138,0.842,-2.449,-0.307,0.620,-2.595,-0.086,0.687,-2.679,0.071,0.688,-2.677,
0.360,0.748,-2.365,0.457,0.604,-2.587,0.228,0.688,-2.672,-0.142,0.816,-2.452,-0.303,0.596,-2.613,-0.085,0.687,-2.684,0.072,0.688,-2.678,
0.346,0.799,-2.377,0.469,0.625,-2.565,0.230,0.689,-2.665,-0.152,0.785,-2.454,-0.300,0.567,-2.635,-0.083,0.688,-2.685,0.073,0.688,-2.675,
0.332,0.843,-2.386,0.471,0.680,-2.521,0.232,0.690,-2.652,-0.157,0.702,-2.447,-0.276,0.517,-2.670,-0.079,0.689,-2.693,0.077,0.690,-2.673,
0.311,0.886,-2.399,0.471,0.680,-2.521,0.232,0.690,-2.652,-0.157,0.702,-2.447,-0.276,0.517,-2.670,-0.079,0.689,-2.693,0.077,0.690,-2.673,
0.290,0.919,-2.410,0.460,0.706,-2.511,0.233,0.690,-2.647,-0.155,0.657,-2.443,-0.264,0.497,-2.679,-0.077,0.688,-2.697,0.078,0.689,-2.672,
0.271,0.941,-2.419,0.455,0.731,-2.504,0.233,0.693,-2.641,-0.158,0.601,-2.443,-0.253,0.482,-2.696,-0.075,0.688,-2.700,0.079,0.690,-2.671,
0.250,0.963,-2.426,0.445,0.754,-2.495,0.232,0.696,-2.637,-0.154,0.548,-2.445,-0.232,0.470,-2.708,-0.075,0.688,-2.702,0.078,0.692,-2.670,
0.236,0.972,-2.432,0.441,0.768,-2.488,0.232,0.694,-2.632,-0.147,0.501,-2.452,-0.210,0.459,-2.724,-0.073,0.687,-2.705,0.079,0.691,-2.669,
0.228,0.976,-2.433,0.439,0.776,-2.484,0.229,0.694,-2.629,-0.132,0.460,-2.453,-0.179,0.457,-2.736,-0.074,0.685,-2.707,0.077,0.689,-2.668,
0.215,0.982,-2.435,0.432,0.788,-2.478,0.227,0.692,-2.627,-0.122,0.441,-2.466,-0.163,0.462,-2.753,-0.076,0.680,-2.708,0.076,0.686,-2.667,
0.208,0.985,-2.436,0.430,0.795,-2.478,0.224,0.693,-2.625,-0.118,0.421,-2.480,-0.154,0.464,-2.768,-0.078,0.679,-2.709,0.073,0.686,-2.667,
0.205,0.987,-2.437,0.428,0.797,-2.474,0.224,0.692,-2.624,-0.118,0.411,-2.490,-0.149,0.467,-2.777,-0.078,0.679,-2.710,0.073,0.685,-2.667,
0.203,0.987,-2.436,0.427,0.799,-2.473,0.223,0.687,-2.618,-0.114,0.413,-2.488,-0.149,0.464,-2.775,-0.078,0.673,-2.705,0.072,0.680,-2.662,
0.201,0.989,-2.436,0.426,0.800,-2.469,0.222,0.686,-2.618,-0.112,0.414,-2.485,-0.147,0.462,-2.774,-0.078,0.669,-2.707,0.072,0.677,-2.662,
0.199,0.989,-2.435,0.424,0.800,-2.468,0.220,0.687,-2.618,-0.112,0.418,-2.486,-0.147,0.457,-2.776,-0.080,0.668,-2.707,0.070,0.678,-2.663,
0.200,0.988,-2.434,0.425,0.799,-2.469,0.218,0.688,-2.619,-0.115,0.422,-2.480,-0.149,0.453,-2.771,-0.082,0.668,-2.708,0.068,0.678,-2.663,
0.209,0.981,-2.435,0.431,0.789,-2.470,0.219,0.688,-2.619,-0.117,0.423,-2.479,-0.149,0.458,-2.770,-0.082,0.670,-2.709,0.069,0.679,-2.664,
0.213,0.979,-2.435,0.434,0.786,-2.475,0.221,0.685,-2.621,-0.118,0.424,-2.476,-0.153,0.457,-2.768,-0.080,0.664,-2.706,0.070,0.675,-2.664,
0.215,0.978,-2.436,0.435,0.784,-2.475,0.220,0.690,-2.622,-0.118,0.421,-2.466,-0.153,0.452,-2.757,-0.081,0.670,-2.706,0.070,0.680,-2.664,
0.219,0.976,-2.432,0.436,0.781,-2.481,0.219,0.687,-2.622,-0.123,0.425,-2.466,-0.156,0.454,-2.757,-0.083,0.666,-2.705,0.068,0.677,-2.664,
0.221,0.975,-2.432,0.436,0.779,-2.484,0.220,0.685,-2.625,-0.134,0.427,-2.468,-0.159,0.454,-2.759,-0.083,0.666,-2.705,0.069,0.675,-2.665,
0.229,0.969,-2.434,0.441,0.771,-2.489,0.221,0.685,-2.626,-0.142,0.438,-2.463,-0.167,0.460,-2.756,-0.082,0.666,-2.704,0.069,0.675,-2.665,
0.232,0.965,-2.436,0.441,0.763,-2.492,0.221,0.688,-2.627,-0.152,0.453,-2.457,-0.194,0.463,-2.727,-0.084,0.670,-2.703,0.068,0.680,-2.666,
0.240,0.958,-2.434,0.442,0.752,-2.495,0.221,0.690,-2.630,-0.165,0.482,-2.443,-0.194,0.463,-2.727,-0.084,0.670,-2.703,0.068,0.680,-2.666,
0.256,0.939,-2.439,0.459,0.735,-2.506,0.222,0.690,-2.631,-0.175,0.521,-2.438,-0.220,0.455,-2.714,-0.084,0.670,-2.700,0.069,0.680,-2.666,
0.276,0.916,-2.441,0.472,0.709,-2.518,0.223,0.689,-2.630,-0.189,0.567,-2.439,-0.245,0.469,-2.700,-0.083,0.669,-2.696,0.070,0.679,-2.663,
0.279,0.907,-2.441,0.466,0.695,-2.523,0.222,0.689,-2.634,-0.206,0.609,-2.433,-0.266,0.488,-2.683,-0.085,0.669,-2.696,0.068,0.679,-2.665,
0.286,0.889,-2.439,0.459,0.672,-2.537,0.221,0.689,-2.637,-0.218,0.660,-2.431,-0.286,0.514,-2.667,-0.087,0.668,-2.695,0.067,0.678,-2.666,
0.298,0.871,-2.443,0.452,0.647,-2.553,0.219,0.690,-2.640,-0.224,0.718,-2.430,-0.297,0.545,-2.644,-0.089,0.667,-2.694,0.065,0.678,-2.667,
0.315,0.846,-2.439,0.448,0.620,-2.565,0.218,0.689,-2.644,-0.218,0.770,-2.431,-0.314,0.581,-2.624,-0.091,0.663,-2.693,0.063,0.676,-2.668,
0.326,0.813,-2.450,0.444,0.585,-2.590,0.216,0.689,-2.648,-0.207,0.824,-2.433,-0.323,0.621,-2.600,-0.094,0.660,-2.690,0.061,0.675,-2.669,
0.345,0.776,-2.456,0.427,0.556,-2.623,0.212,0.689,-2.650,-0.208,0.854,-2.441,-0.335,0.641,-2.593,-0.098,0.657,-2.687,0.057,0.673,-2.669,
0.355,0.733,-2.451,0.404,0.531,-2.642,0.210,0.688,-2.653,-0.198,0.882,-2.450,-0.341,0.666,-2.585,-0.101,0.656,-2.683,0.054,0.672,-2.668,
0.366,0.686,-2.463,0.384,0.508,-2.673,0.207,0.685,-2.656,-0.182,0.909,-2.451,-0.340,0.694,-2.573,-0.105,0.654,-2.680,0.051,0.669,-2.668,
0.372,0.643,-2.475,0.365,0.487,-2.698,0.204,0.691,-2.658,-0.173,0.922,-2.454,-0.341,0.710,-2.570,-0.107,0.656,-2.676,0.049,0.674,-2.667,
0.381,0.601,-2.487,0.354,0.499,-2.724,0.203,0.694,-2.662,-0.159,0.940,-2.452,-0.327,0.721,-2.557,-0.108,0.660,-2.671,0.047,0.677,-2.666,
0.389,0.570,-2.493,0.363,0.522,-2.749,0.202,0.688,-2.665,-0.137,0.955,-2.449,-0.314,0.738,-2.542,-0.110,0.659,-2.666,0.046,0.674,-2.666,
0.388,0.553,-2.499,0.377,0.543,-2.771,0.203,0.682,-2.670,-0.121,0.959,-2.445,-0.308,0.747,-2.529,-0.109,0.658,-2.663,0.047,0.670,-2.666,
0.388,0.557,-2.500,0.389,0.560,-2.787,0.206,0.689,-2.676,-0.108,0.955,-2.434,-0.303,0.752,-2.524,-0.106,0.667,-2.655,0.050,0.678,-2.666,
0.388,0.557,-2.500,0.389,0.560,-2.787,0.206,0.689,-2.676,-0.108,0.955,-2.434,-0.303,0.752,-2.524,-0.106,0.667,-2.655,0.050,0.678,-2.666,
0.386,0.572,-2.503,0.388,0.554,-2.782,0.205,0.684,-2.677,-0.106,0.954,-2.429,-0.301,0.750,-2.516,-0.107,0.667,-2.653,0.049,0.675,-2.665,
0.387,0.582,-2.504,0.388,0.555,-2.780,0.204,0.686,-2.679,-0.102,0.951,-2.429,-0.301,0.749,-2.513,-0.108,0.671,-2.652,0.048,0.678,-2.666,
0.389,0.584,-2.504,0.388,0.556,-2.779,0.201,0.680,-2.679,-0.102,0.950,-2.425,-0.300,0.748,-2.510,-0.111,0.669,-2.652,0.045,0.675,-2.666,
0.392,0.586,-2.500,0.375,0.519,-2.764,0.199,0.677,-2.680,-0.107,0.944,-2.424,-0.303,0.741,-2.511,-0.113,0.668,-2.651,0.043,0.673,-2.665,
0.391,0.590,-2.500,0.357,0.490,-2.757,0.198,0.678,-2.681,-0.114,0.940,-2.421,-0.303,0.732,-2.512,-0.114,0.669,-2.651,0.042,0.673,-2.666,
0.390,0.592,-2.498,0.349,0.480,-2.755,0.196,0.678,-2.681,-0.117,0.938,-2.419,-0.303,0.729,-2.514,-0.116,0.668,-2.652,0.040,0.673,-2.667,
0.388,0.591,-2.494,0.342,0.474,-2.749,0.196,0.675,-2.679,-0.128,0.923,-2.421,-0.313,0.714,-2.520,-0.117,0.664,-2.652,0.040,0.670,-2.665,
0.391,0.578,-2.492,0.337,0.471,-2.749,0.197,0.675,-2.678,-0.140,0.905,-2.423,-0.325,0.700,-2.529,-0.115,0.662,-2.653,0.041,0.669,-2.665,
0.388,0.564,-2.486,0.336,0.472,-2.748,0.197,0.680,-2.677,-0.158,0.878,-2.422,-0.339,0.683,-2.550,-0.115,0.663,-2.656,0.041,0.672,-2.666,
0.388,0.538,-2.474,0.343,0.479,-2.746,0.198,0.681,-2.676,-0.146,0.870,-2.397,-0.324,0.685,-2.538,-0.115,0.663,-2.657,0.042,0.672,-2.667,
0.386,0.504,-2.460,0.353,0.479,-2.740,0.202,0.684,-2.674,-0.142,0.844,-2.372,-0.316,0.674,-2.531,-0.111,0.666,-2.659,0.045,0.675,-2.667,
0.386,0.460,-2.445,0.364,0.471,-2.729,0.206,0.689,-2.674,-0.148,0.796,-2.349,-0.312,0.645,-2.528,-0.107,0.670,-2.661,0.049,0.680,-2.667,
0.387,0.394,-2.438,0.360,0.454,-2.719,0.209,0.693,-2.674,-0.156,0.712,-2.316,-0.310,0.608,-2.525,-0.104,0.675,-2.661,0.052,0.684,-2.667,
0.375,0.318,-2.455,0.357,0.444,-2.711,0.212,0.696,-2.673,-0.175,0.590,-2.314,-0.292,0.570,-2.549,-0.101,0.679,-2.661,0.055,0.687,-2.667,
0.364,0.248,-2.477,0.354,0.432,-2.698,0.214,0.697,-2.673,-0.203,0.468,-2.326,-0.288,0.516,-2.571,-0.099,0.681,-2.662,0.057,0.689,-2.667,
0.362,0.185,-2.523,0.347,0.422,-2.685,0.216,0.697,-2.672,-0.224,0.363,-2.364,-0.283,0.479,-2.595,-0.097,0.683,-2.664,0.059,0.690,-2.668,
0.361,0.142,-2.577,0.338,0.411,-2.679,0.219,0.697,-2.669,-0.242,0.276,-2.418,-0.269,0.452,-2.625,-0.095,0.684,-2.664,0.062,0.690,-2.667,
0.367,0.117,-2.622,0.327,0.401,-2.679,0.219,0.697,-2.664,-0.244,0.194,-2.490,-0.257,0.422,-2.651,-0.094,0.687,-2.666,0.063,0.692,-2.665,
0.359,0.095,-2.663,0.322,0.389,-2.686,0.220,0.698,-2.660,-0.241,0.128,-2.564,-0.234,0.391,-2.673,-0.093,0.690,-2.668,0.063,0.694,-2.664,
0.350,0.083,-2.686,0.321,0.384,-2.700,0.219,0.697,-2.655,-0.223,0.091,-2.622,-0.221,0.374,-2.700,-0.095,0.691,-2.672,0.062,0.694,-2.663,
0.336,0.085,-2.704,0.317,0.391,-2.716,0.217,0.699,-2.652,-0.213,0.074,-2.685,-0.199,0.373,-2.728,-0.096,0.693,-2.672,0.061,0.696,-2.662,
0.329,0.088,-2.713,0.312,0.396,-2.729,0.211,0.697,-2.645,-0.195,0.080,-2.731,-0.184,0.388,-2.747,-0.101,0.693,-2.672,0.055,0.695,-2.658,
0.326,0.090,-2.721,0.305,0.396,-2.748,0.207,0.691,-2.637,-0.184,0.084,-2.767,-0.177,0.395,-2.762,-0.105,0.687,-2.668,0.051,0.689,-2.653,
0.325,0.091,-2.728,0.302,0.394,-2.758,0.204,0.692,-2.636,-0.180,0.086,-2.800,-0.171,0.399,-2.776,-0.108,0.686,-2.670,0.048,0.689,-2.653,
0.324,0.092,-2.732,0.299,0.393,-2.761,0.204,0.688,-2.634,-0.179,0.091,-2.820,-0.166,0.404,-2.787,-0.107,0.679,-2.668,0.048,0.683,-2.651,
0.325,0.092,-2.739,0.295,0.392,-2.763,0.204,0.690,-2.635,-0.181,0.084,-2.821,-0.169,0.398,-2.796,-0.108,0.678,-2.669,0.048,0.684,-2.652,
0.325,0.093,-2.740,0.296,0.391,-2.758,0.204,0.690,-2.632,-0.181,0.083,-2.818,-0.169,0.397,-2.794,-0.108,0.679,-2.668,0.048,0.685,-2.650,
0.325,0.093,-2.740,0.296,0.391,-2.758,0.204,0.690,-2.632,-0.181,0.083,-2.818,-0.169,0.397,-2.794,-0.108,0.679,-2.668,0.048,0.685,-2.650,
0.325,0.093,-2.740,0.296,0.391,-2.758,0.204,0.690,-2.632,-0.181,0.083,-2.818,-0.169,0.397,-2.794,-0.108,0.679,-2.668,0.048,0.685,-2.650,
0.325,0.093,-2.740,0.296,0.391,-2.758,0.204,0.690,-2.632,-0.181,0.083,-2.818,-0.169,0.397,-2.794,-0.108,0.679,-2.668,0.048,0.685,-2.650,
0.325,0.093,-2.740,0.296,0.391,-2.758,0.204,0.690,-2.632,-0.181,0.083,-2.818,-0.169,0.397,-2.794,-0.108,0.679,-2.668,0.048,0.685,-2.650,
0.325,0.093,-2.740,0.296,0.391,-2.758,0.204,0.690,-2.632,-0.181,0.083,-2.818,-0.169,0.397,-2.794,-0.108,0.679,-2.668,0.048,0.685,-2.650,
0.325,0.093,-2.740,0.296,0.391,-2.758,0.204,0.690,-2.632,-0.181,0.083,-2.818,-0.169,0.397,-2.794,-0.108,0.679,-2.668,0.048,0.685,-2.650,
